4519
26192
19893556
854583
35008
3283889
17711
804486
807847
808260
807858
39116918
808065
5309939
3338895
804942
1267424
807693
800062
5759861
8803302
6775065
2657775
42903585
9222076
8457935
7441191
7256470
6993613
6917651
6335834
6335831
6264346
5692627
3854397
3283504
3126510
2565702
807628
808227
808736
807816
807889
807882
7670146
2652727
2642080
7670294
807673
808581
5405813
3119746
7670300
7670271
7668682
7668581
3332242
807582
808561
808265
808168
4575338
808781
5846070
3355604
3355527
2960252
804598
6262409
806580
16695886
8097581
6172494
5326230
2947589
808658
808644
7672109
6972991
3562158
3562143
3562131
2885974
805325
3074703
807904
3474979
808626
808609
808593
3077234
3021907
3021817
2866235
2866166
2846664
5618965
3854620
3854508
140512
808395
7996656
24573121
2914051
809262
5848005
5846914
5846872
5846861
5846825
5846767
5846732
5846664
5846492
5846465
5846434
5846363
6383204
4555709
3126394
2914095
25503049
9385592
9385306
8174926
8097079
7956422
7011785
6390544
5952100
5692808
5333419
5130930
4794239
4712276
4078873
3989386
3854369
3562068
3453227
2846688
2700025
808965
808943
808146
807546
806603
803215
9711182
9711166
9538429
9538389
9481016
9481003
9480875
9385648
9385634
9385161
9385133
9385081
9384829
9087628
9073166
9072898
9072808
9072772
8923205
8911160
8890020
8890006
8846980
8774428
8746061
8690572
8690558
8673044
8656249
8656112
8656060
8560554
8457892
8454112
8445263
8382100
8303635
8302518
7996370
7944401
7944375
7943811
7943039
7922596
7804448
7802895
7768883
7671895
7564656
7411819
7256532
7256449
7256386
7095393
7042778
7012368
7011743
6993669
6973040
6941181
6904368
6904240
6870662
6779254
6742743
6742684
6417780
6417766
6386363
6383235
6264376
6237570
6164212
5912277
5848754
5846134
5729884
5729725
5626925
5480585
5469268
5333313
5228783
5188114
5183297
5075245
5066030
4955099
4788332
4788295
4712070
4669983
4657624
4657600
4363211
4356542
4356056
4266890
4237621
4177938
4126963
4108536
4108310
4107965
4097679
4097486
4055790
3979182
3854584
3854557
3773153
3703621
3562259
3481569
3453289
3416045
3355545
3338382
3338373
3337237
3337208
3332228
3332114
3251035
3119765
3119715
3102029
3077402
2943518
2914100
2846867
2846702
2846625
2768701
2767734
2746423
2746308
2717262
2716728
2654014
2610366
1482827
1461127
1457851
809443
809247
808980
808951
808932
808839
808823
808755
808724
808703
808693
808518
808513
808483
808447
808434
808423
808378
808306
808292
808241
808217
808199
808106
808082
808076
808027
808012
808004
807981
807959
807917
807810
807786
807761
807711
807661
806824
806621
806183
805221
805190
805134
804927
804897
804660
804647
803923
803817
803807
803775
803405
803356
802999
802687
802590
802346
800106
8746832
8745951
8677297
6413136
6336097
5857738
5857731
5828744
2716703
807944
807931
7668602
5333402
5333206
7668461
4126651
804887
7768785
7668447
4924553
4924546
7668417
7668402
7557726
6742706
4097452
4097445
804827
804817
9481333
9385203
9385118
8774746
8656017
8560574
8560546
8250931
8250890
8139854
8139840
8097361
7996722
7996709
7872316
7768912
7324213
7324147
7256481
6799744
6798791
6748257
6748241
6740854
6740830
6740806
6407618
6407554
6407545
6395807
6390649
6386122
6295823
6295777
6159543
6000146
6000140
5848441
5848337
5846119
5758752
5614407
5614340
5597717
5580401
5542243
5542224
5542068
5542057
5522496
5522482
5333388
5333241
4379974
4177891
4177879
4097779
4097763
3979206
3979147
3912550
3907678
3907672
3674098
3674078
3332300
3293136
3167807
3167772
3126464
3021859
2914143
2847122
2846659
2846639
2774414
2763169
2762995
2746478
2746447
2746349
2703554
2702871
808547
808534
808368
808352
808048
807747
806299
806263
806257
805463
805157
805003
804606
804536
804521
804506
803560
803536
803520
803346
803329
803005
802654
802645
802307
802296
3101934
3101919
8775031
8774299
8774248
8097159
8097143
6335768
6295604
6164265
2760927
9711125
9711111
9711097
8745993
8703853
8703839
8703825
8677285
8677239
8656554
8656151
8251029
8250988
8097561
8097546
8097534
7670181
7668674
7668660
7668433
7557649
7557635
7557607
6921948
6921934
6921905
6482114
6262392
6262383
5848401
5848351
5848086
5848032
5846209
5656536
5469341
5469226
5469165
4117933
4108515
4108501
4108089
4108073
3964695
3802112
3802062
3802056
3562119
3562105
3562091
3474965
3416058
3416031
3332201
3251010
3250964
3247922
3239113
3239110
3239012
2853444
2853394
2853386
2846724
2746393
2746374
2746362
2667866
2667821
1485716
1482892
1482854
1467809
1457789
1446449
804871
804857
803083
803066
802374
802358
9072885
9072801
9072787
9072694
7871703
7871688
7871675
7871660
7768333
7751828
7751810
7113123
6879787
6879721
6879707
5846232
5846179
5846158
5846145
5729865
5378410
5333434
5333301
5333285
5183314
5183283
5183228
5183217
4171639
4171611
3974427
3974262
3950667
3950365
3332333
3332320
3332177
3332170
9222063
9222049
8803677
8803563
8803523
8803486
8803435
8656442
8175007
8174993
8174979
8097348
8097182
8097155
7256427
7256413
6947320
6947300
6947250
6947178
6741707
6741688
6741607
6741568
6336118
6335924
6335786
6172329
6172301
5797132
5797117
5792605
5788246
5788040
5383378
5333340
5132463
5130804
5130768
4670340
4056083
3952950
3952936
3952922
3950783
3827067
3562179
3415999
3077197
3074686
808742
800040
800033
800017
800003
7996625
7996583
7996523
7042903
7042896
7042853
7042843
7042828
6962843
6962829
6962724
6962710
6798765
5867656
5867493
5867462
5867384
4171546
4171531
4171516
4117945
4108351
4108285
4108271
4108116
3671124
3666244
3666227
3666214
3666197
3666144
3338402
3338320
3337252
3337185
3337154
3074659
2960667
2960278
2914315
2914296
2914134
2914117
2773083
2769150
2769109
2769069
7412072
7412057
7412043
7411834
7411807
7411792
7411700
7113220
7113205
7113191
7113175
7113160
7113146
5798046
4467009
4466995
4466965
4466942
4466935
4466923
3131202
3131180
3131154
3131107
3131098
3021364
3021356
3021342
3021297
3021281
9385621
9385607
9385580
9385552
9385356
9385341
9385300
9385218
9385177
9385107
9385079
9385065
9384873
9384858
9384844
8445371
8445315
8445287
8445231
8445203
8445175
8445147
8445105
7996736
7996680
7996609
7996398
7996384
7902286
7902272
7901946
7901918
7901904
7901876
7901806
7671979
7671938
7671924
7671865
7670238
7670210
7670126
7411568
7411554
7411540
7411512
7411496
7411484
7411470
6962817
6962804
6962791
6962778
6962765
6962739
6413124
6413111
6413093
6413066
6413031
6407582
3854612
3854550
3854529
3854521
3854486
2763198
2763083
2763072
2763015
2763002
807469
806274
805147
805017
804988
804959
804498
803306
803289
803278
803256
803250
803228
16793453
9222117
8775095
8774690
8774633
8774592
8774439
8774398
8774385
8774312
8774287
8774204
7944488
7944473
7944460
7944446
7944417
7944390
7944362
7944347
7944334
6993599
6993585
6986243
6986215
6799846
6799820
6799763
6197811
5848844
5848827
4929781
4108059
3187249
3187214
3187175
3187143
3187097
3187065
3187043
3187004
3186944
3112551
807200
807191
807179
807134
807108
807095
807079
806763
806752
806735
806718
806692
806676
806648
805687
805676
805629
805406
8890652
8890474
8890436
8890398
8890360
8890247
8890209
8890169
8890133
8890095
8890057
8889991
8889939
7672093
7672065
7671994
7671877
7670222
7670167
7113296
4852078
4850743
4850728
4850692
4850682
4850653
4850623
4850591
4657580
4127095
4127082
4127075
4127056
4127046
4127025
4127017
4126997
4126981
4126956
4126935
4126747
4107945
4100474
4100458
4100370
4100357
4100066
4100043
4100038
4100024
4100008
4099537
4097858
4097827
4097718
4097704
4097665
4097658
4097635
4097625
4097608
4097600
4097586
4097563
4097550
4097539
2658617
2658552
2658512
2658451
2657839
2657128
807603
803427
803413
8803712
8803660
8803358
8803344
8803330
8803316
8803260
8535719
8363788
8363774
8363761
8363624
8363568
8363553
5228945
5228927
5228913
5228899
5228885
5228871
5228857
5228855
5228814
5228761
5228747
5228694
5228480
5228468
5228456
5228446
4356508
4356488
4356429
4356411
4356263
4356170
4356132
4356074
4356004
4355946
4355907
4355831
4355793
4355756
3190694
3190675
3190663
3190644
3190631
3190620
3190607
3190596
3190479
3190463
3190452
3190439
3190417
3190412
3190286
3190272
3190267
3097313
3085910
3085849
3085831
3085809
3085753
3085751
3085683
7324307
7324277
7324266
7324253
7324240
7324227
7324199
7324187
7324174
7324161
7324134
7324121
7324108
7324095
7324081
7324069
7324042
7324029
7324016
7323990
7323972
7323950
7323937
7323924
7323884
7066205
7066192
7066179
7066166
7066153
7066140
7066127
7066114
7066101
7066088
7066075
7066062
7066049
7066036
7066023
7066008
7065997
6386528
6386515
6386512
5625430
5625417
5625405
5623052
5619188
5619176
5619170
5619147
5619140
5619076
5619055
5619025
5618998
5618985
8673470
8673428
8673414
8673400
8673386
8673372
8673358
8673344
8673330
8673316
8673302
8673246
8673204
8673176
8673148
8673134
8673106
8673021
804459
804436
804409
804393
804379
804370
804330
804303
804269
804234
804209
804155
804141
804137
804120
804104
804093
804075
804055
804052
804019
803971
803965
803947
4575915
4575842
4575803
4575749
4575733
4575719
4575708
4575677
4575666
4575652
4575635
4575622
4575608
4575582
4575568
4575540
4575526
4575512
4575498
4575466
4575441
4575428
4575400
4575386
4575372
4575344
4575314
4114594
4114580
4108544
806105
806077
806073
806052
806042
806016
806002
805966
805945
805933
805891
805868
805852
805841
805835
805807
805785
805769
805751
805736
805717
805660
805620
805604
805571
805546
805498
805473
805449
805442
805202
5666637
55766269
55763669
55290078
54114530
54105566
54094934
44150762
41854604
41663460
40866384
40498895
40140988
39721042
39412013
39411488
38458270
37540399
37539936
36484065
36482743
35993599
35985488
35457103
34926302
34926117
34569447
33944522
33876170
33875942
33874970
33867465
33867126
32231935
32228419
31412994
30901987
30858287
30686136
30686000
29994197
29994159
29994121
29993931
29993817
29993741
29992905
29992601
29992563
29992145
29077929
27982717
27982206
26891309
26219615
26129957
26129197
26128893
26119764
24251685
22831846
20834599
19221786
19099187
18252093
17674823
16695900
14841851
14841809
14840902
10351782
9711186
9711138
9538417
9538350
9538339
9481362
9481348
9481183
9262494
9222149
9087643
9087355
9086879
9073198
9073194
9073170
9072911
8923161
8911146
8911132
8864360
8846988
8803611
8775079
8775054
8774844
8774713
8774663
8774620
8774607
8774454
8774276
8746904
8746888
8746876
8746820
8746078
8690584
8690465
8690265
8677323
8673217
8673035
8656463
8656411
8656307
8656293
8656267
8656264
8656236
8656195
8656181
8656127
8656031
8656003
8655949
8560654
8542357
8535690
8535676
8535663
8535648
8535634
8457915
8457705
8445557
8445529
8445501
8445347
8445123
8382153
8382139
8363698
8363638
8302371
8251009
8251001
8250958
8250939
8250912
8174948
8097329
8097128
8097100
7956394
7944430
7943025
7943011
7901932
7901862
7901819
7872554
7871647
7871634
7871620
7871606
7871591
7871577
7865908
7857749
7804468
7804453
7804435
7804421
7802877
7768896
7768863
7768779
7768764
7768753
7768738
7768683
7668630
7668616
7564640
7557712
7557675
7557632
7557585
7441204
7441064
7440905
7440891
7411728
7324055
7323963
7323898
7265142
7265125
7256552
7256525
7256511
7256431
7138857
7138833
7056499
7056472
7056458
7055960
7055938
7055924
7055917
7055885
7043020
7043006
7042973
7042924
7042790
6993654
6993641
6993627
6965608
6947268
6947145
6921920
6917638
6870635
6870622
6870547
6799881
6741672
6741649
6741632
6654187
6458122
6450770
6446563
6423944
6423907
6390796
6386490
6386470
6386402
6336071
6335863
6335852
6335811
6335797
6262442
6262425
6261942
6220787
5912309
5912300
5848378
5848179
5846313
5846294
5846283
5845970
5797763
5788217
5788019
5787399
5759310
5692589
5614260
5563293
5542033
5495258
5469432
5405803
5405734
5405715
5333230
5309995
5137931
5074206
4964943
4962481
4961419
4960959
4958666
4955131
4955083
4947180
4788078
4712047
4670022
4670010
4669988
4657664
4657642
4657635
4657591
4657566
4602245
4602236
4555745
4443263
4421894
4405268
4379957
4363246
4363140
4356568
4178387
4177907
4171594
4108697
4097695
4097522
4097500
4078889
4055767
4055716
3952882
3950801
3912600
3912586
3912564
3912536
3854673
3854434
3776059
3776045
3776034
3773181
3703687
3703664
3703654
3703632
3674118
3666156
3562206
3562075
3453301
3416094
3416023
3355555
3354748
3338286
3332364
3332313
3260129
3253180
3200577
3131134
3119891
3021887
3021827
3021270
2943119
2940631
2866207
2820599
2774443
2774431
2760965
2760940
2717279
2702251
2702229
2667839
2657809
2657120
2648291
809230
809221
808825
808783
808467
808152
806638
806599
806235
806209
806144
805377
805182
803912
803887
803850
803551
803448
803379
803323
802974
802963
802632
802274
800538
32281987
15333237
3125702
54613962
54105224
54105186
43964538
41697847
40881171
39086670
38345822
38343170
36938610
36937557
34683189
33904151
33875980
33867503
33194980
30863458
30863420
30684765
26832890
26832680
25767857
18887241
18490367
17674739
9829928
33949670
6627928
3332131
4916872
40141376
24573718
15822478
12486868
808280
808121
803028
2193899
6197850
807738
18252439
18252415
807619
54599454
54107334
43959325
40487544
38329173
37620784
37544509
36485961
36165327
34950085
34949705
34949591
34927346
33876132
33874274
33194455
32891726
31413020
30862277
29992829
29289795
26381438
25767745
25103497
25099113
24419156
22831790
20834585
18267632
10351801
14048433
807570
805648
18251123
16029417
15333110
54114910
54114872
54105376
54105148
44800669
42904003
40501185
39721076
35993523
35454735
32947599
29995261
28262096
24122444
19019459
17428280
3077185
2866222
2866191
2866172
54106785
39340925
39119089
35199092
34569485
33948817
31412779
30769038
29075239
27982434
26832577
26832197
26217905
26129387
26129083
26037595
22909160
19907666
3854473
54114986
54114606
54114568
54114454
54105338
54105300
40492242
39333211
38344082
38335156
38335080
34725353
25014963
25014432
18267202
4238516
4237779
800735
42269313
38460513
38280016
37543062
32229386
32229247
26219695
40866764
26381435
26219193
54106200
54106162
54099221
42439254
36953489
36488448
35115266
35115228
33194921
27922627
24143450
17727925
15333009
11763617
11460074
11271688
5846933
5846624
5846578
5846531
5846361
4910454
55757914
55293706
55288048
54591561
44799089
44789008
41698726
39710137
39703654
38574292
38279916
35116059
34948981
33869644
32228964
32228335
31413114
30513872
28411171
27983318
27982872
27111133
26835174
26834749
26520965
26381952
26131261
26130844
26118955
26043008
25768106
25396431
25396332
24250581
23765091
23630541
23629316
22974660
22833564
22833077
22283091
22158118
20465860
20357338
20160615
20159221
20004800
19591842
19099542
19019213
18667315
18489709
18129800
18126255
17961298
17727839
17427976
17046895
15822055
15333409
15332623
15088324
14048199
13824808
13621024
13435567
12079815
11816488
11547970
11341447
11341425
11256248
11256242
10751843
10322891
10221367
10020612
9829954
8923149
8656202
7671964
7671960
7671942
7671907
7671881
7668574
6947125
6054831
4850707
3562411
3562407
3562403
3523617
3332212
2847094
1485868
807557
55749873
55288007
55286801
54604279
54599212
54598128
54116138
54094871
44273583
44152611
44150920
43961671
42888943
42268654
42266728
41884815
41852450
41834327
41825687
41800099
41793667
41698900
41698791
41697948
41658115
40872040
40871974
40869029
40866700
40506650
40498687
40492099
40143716
39333674
39332852
39332810
39331139
39116790
39089567
38575802
38574522
38573458
38570789
38570770
38464557
38463915
38345721
38345262
38345249
38281474
38281411
37626515
37626090
37625062
37508483
37505230
37501199
37280033
37278071
37277755
37277142
36957825
36953680
36952250
36952212
36951255
36946809
36941419
36937141
36937103
36937066
36935548
36495206
35456834
35199758
34949261
34734209
34726202
34682789
33949866
33911150
33905909
33905658
33900956
33900918
33874350
33874236
33874198
33869247
33867164
33867025
33865918
33362632
33352608
33350682
32958231
32947637
32889391
32887291
32885520
32885482
32881274
32282033
32229426
32228451
31252620
31220650
31086091
31080265
31079926
30861637
30858619
30765495
30765268
30764611
30764592
30684073
29992044
29295276
29291591
29141247
29141158
28262805
27985477
27985464
27983064
27923344
27923197
27922546
27922330
27909016
27440809
27436796
27246711
27246670
27217276
27217208
27217200
27216894
27214826
27214630
27214000
27213986
27213924
27213910
27213583
27111367
27110571
27110266
27109859
27109602
27108002
26971381
26899843
26899120
26899069
26899031
26898976
26898817
26898783
26898067
26897983
26897204
26897178
26896845
26894785
26894746
26894708
26894670
26894473
26893518
26893295
26893245
26893219
26893013
26892975
26891881
26891753
26891715
26891677
26890749
26890155
26890001
26889895
26889843
26889767
26889729
26889691
26889534
26889496
26889434
26889407
26889382
26889345
26889308
26888225
26888187
26888051
26888019
26888005
26887967
26887929
26887867
26887815
26887753
26887698
26836321
26835332
26835328
26835276
26835227
26835190
26834831
26834709
26833382
26833004
26832777
26831490
26831028
26823990
26737699
26522166
26522134
26521496
26521447
26521413
26521337
26381488
26377150
26376986
26376807
26376781
26376716
26376383
26376313
26376225
26376187
26375304
26374977
26374589
26374513
26220112
26219084
26218406
26131322
26131284
26130891
26130792
26130754
26130488
26130451
26130414
26121830
26121730
26121118
26120947
26120833
26120771
26120733
26119460
26119423
26118583
26118545
26048465
26048427
26048351
26048275
26048213
26048199
26048137
26048049
26047923
26047520
26047170
26046590
26045387
26045345
26045250
26044474
26044436
26044040
26043620
26043503
26039195
26038397
26037742
26037551
26037393
26037133
26037094
26037042
25769133
25769107
25398166
25397701
25397245
25397114
25396627
25396463
25396376
25396311
25194560
25193873
25193836
25193603
25103220
25103176
25103144
25103067
25099175
25099137
25077863
25077561
25077166
25077114
25076988
25076774
25076698
25076571
25076376
25076339
25076155
25021181
25021143
25020993
25020984
25020338
25020217
25020139
25020080
25020041
25020004
25019914
25019876
25019838
25019776
25019700
25019335
24707112
24707054
24703367
24703331
24703293
24698413
24576599
24576540
24573177
24572973
24572699
24572292
24572254
24572217
24572055
24571597
24571536
24571195
24570947
24570873
24570515
24570483
24570382
24570369
24570331
24570293
24570254
24419902
24419223
24404713
24404675
24404637
24404138
24404100
24403602
24403589
24287662
24286967
24286878
24286866
24286727
24286374
24286336
24285882
24285844
24285040
24251818
24251468
24147083
24146905
24146854
24146230
24146209
24145560
24122288
24121859
24121820
24121665
24120737
24020427
24020412
24020223
24020209
23765368
23765087
23764899
23764883
23764868
23764857
23764829
23764812
23764799
23764787
23764671
23764522
23764487
23764473
23764460
23764445
23764432
23762647
23762611
23678628
23631928
23630582
23630099
23630086
23630072
23629856
23629828
23629814
23629758
23629732
23629699
23629693
23629679
23629663
23629390
23629376
23629361
23629345
23629333
23454762
23454758
23454743
23454731
23454715
23454535
23454520
23454506
23454468
23454457
23454429
22976155
22975949
22975934
22975894
22975881
22975867
22921632
22909739
22909569
22909523
22909350
22909333
22909244
22909228
22909188
22909132
22908983
22908869
22834141
22834111
22834096
22834081
22834063
22834051
22834035
22834021
22833905
22833701
22833679
22833525
22833350
22833028
22549472
22549439
22549399
22549230
22549216
22549200
22549186
22549174
22549154
22549122
22549107
22549091
22549079
22549066
22549052
22549038
22549008
22548973
22548955
22548872
22548756
22548019
22283922
22283811
22283796
22283544
22283530
22283478
22278840
22278430
22203925
22203912
22164959
22163309
22163292
22163281
22163179
22163060
22163046
22163031
22163018
22162993
22162957
22162932
22162878
22162864
22162229
22162214
22162203
22162189
22162175
22162160
22162147
22162133
22162089
22162076
22162049
22162020
22161999
22161980
22161970
22161956
22161883
22161847
22161820
22161806
22161790
22161778
22161764
22161685
22161671
22161657
22161462
22161451
22158292
22158278
22158264
22158249
22158235
22158218
22158195
22158180
22158167
22158153
22157969
22157738
22157720
20964704
20834953
20834862
20834849
20834835
20834812
20834800
20834654
20834641
20834626
20834613
20834549
20834511
20834456
20834443
20834429
20834415
20834387
20834373
20834359
20833463
20833447
20833143
20833113
20833065
20833051
20833029
20832830
20832792
20832640
20832625
20832606
20832580
20832508
20832478
20832296
20524632
20524577
20524562
20523614
20523567
20466652
20466163
20466150
20466094
20465921
20465896
20465876
20465855
20465619
20465606
20465592
20465578
20465550
20357325
20357282
20357276
20357228
20357213
20357199
20357176
20357154
20357015
20356990
20356970
20356657
20356643
20356571
20356558
20356544
20356527
20356480
20355796
20160637
20160612
20160598
20160583
20160570
20160557
20160543
20160404
20159606
20159590
20159579
20159562
20159548
20159523
20159074
20159062
20159031
20006392
20006166
20006150
20006102
20006078
20006061
20005488
20004824
20004815
20004789
20004774
20004760
20004744
20004663
20004648
20004502
20004479
20004424
20004286
20004202
19909943
19909908
19909816
19909810
19909796
19909772
19909768
19909619
19909585
19909568
19909555
19909541
19909526
19909506
19909497
19909463
19909449
19909435
19909418
19909406
19909365
19909240
19909224
19909184
19909139
19909125
19909110
19909096
19909009
19908984
19908959
19908944
19908917
19908893
19908888
19908875
19908861
19908847
19908833
19908819
19908788
19908775
19908751
19908747
19908588
19908574
19908546
19908513
19908499
19908485
19908469
19908453
19908440
19908426
19908412
19907694
19907679
19907652
19907637
19907624
19907609
19907587
19907580
19907566
19907547
19907524
19907510
19907494
19737115
19737056
19736892
19736879
19736823
19736807
19592700
19592194
19592052
19592038
19592023
19591968
19591882
19591755
19591739
19591726
19591713
19591604
19591582
19555016
19524543
19524328
19524322
19524297
19524276
19524254
19524244
19524210
19523614
19523576
19522676
19351462
19351431
19351165
19351120
19350865
19350852
19350837
19222007
19221993
19221852
19221842
19221523
19099685
19019405
18990604
18990519
18990505
18985244
18985230
18985214
18985200
18985168
18985154
18985140
18985126
18985069
18985056
18984513
18984499
18984485
18984471
18984457
18984443
18984429
18984414
18984401
18984315
18984301
18984287
18983981
18983006
18887518
18887504
18887490
18887325
18887269
18887255
18887212
18887199
18887183
18668549
18668422
18668394
18667989
18667974
18667962
18667946
18667933
18667793
18667656
18667642
18667350
18667274
18667247
18667226
18667063
18667049
18490557
18490513
18490478
18490465
18490381
18490353
18490339
18490314
18490303
18490289
18490276
18489725
18267648
18267597
18267584
18267569
18267555
18267543
18267258
18267230
18267213
18267188
18267173
18266862
18252178
18252025
18251232
18251217
18251199
18129856
18129825
18129395
18129379
18129212
18129092
18128987
17961591
17961283
17960538
17729070
17728576
17728468
17728334
17727889
17727871
17727857
17675105
17675091
17675049
17675034
17675021
17674892
17674835
17674809
17674767
17674487
17674473
17674459
17674445
17674431
17674416
17674402
17673683
17623070
17623040
17428547
17428419
17428406
17428392
17428350
17428336
17428322
17428308
17428287
17428266
17428035
17428021
17428007
17427992
17427921
17427887
17427845
17427801
17427781
17427766
17427753
17427738
17427720
17427711
17427697
17427651
17427645
17427632
17427569
17427506
17427491
17427449
17427435
17427404
17427319
17098912
17098885
17098871
17098744
17098730
17098023
17097830
17097659
17046892
17046483
17046314
17046297
16809340
16695623
16695608
16695595
16695581
16695568
16695551
16694305
16694291
16694278
16694264
16694249
16694236
16693715
16489386
16489327
16489316
16489302
16489260
16489235
16488896
16488882
16217101
16217072
16217015
16217002
16216649
16216634
16216622
16216605
16216591
16216578
16216565
16216551
16216516
16205432
16043868
16043145
16027889
16017273
16017027
16017014
16017000
15826010
15825856
15825182
15825152
15824947
15824904
15824890
15824749
15824735
15824720
15824694
15824679
15823172
15822882
15822721
15822714
15822699
15822685
15822669
15822642
15822627
15822613
15822599
15822585
15822566
15822552
15822530
15822522
15822508
15822493
15822384
15822371
15822357
15822342
15822200
15822186
15822102
15822088
15822074
15822047
15821820
15382855
15333741
15333405
15333391
15333377
15333347
15333335
15332786
15332774
15332612
15332170
15332156
15332141
15332056
15331788
15088314
15088300
15088284
15088269
14842992
14842978
14842782
14842766
14842685
14842601
14842587
14842122
14842061
14841442
14841421
14841409
14841402
14841253
14690364
14690350
14690336
14690323
14690309
14690280
14690266
14675811
14675654
14675612
14659853
14659808
14658397
14658381
14658369
14658322
14658308
14658294
14658280
14658258
14658078
14658065
14658050
14658036
14658022
14657887
14657873
14657858
14469224
14445110
14412371
14412366
14412238
14412224
14412074
14411843
14411627
14411529
14411514
14411196
14217038
14216847
14050550
14050042
14049999
14049675
14049639
14049626
14049612
14049597
14049583
14049570
14049406
14049392
14049267
14048586
14048517
14048447
14048279
14048265
13826445
13826429
13826064
13825616
13825602
13825558
13825544
13825527
13825444
13825432
13825389
13825376
13825361
13825348
13825334
13825320
13825069
13825049
13824827
13621012
13620999
13620984
13620970
13543391
13540317
13540160
13540146
13540132
13540119
13540105
13540036
13540022
13539848
13539820
13539808
13539789
13435666
13435652
13435580
13435540
13435522
13435417
13435251
13228951
13228937
13228921
13080523
13080258
13080143
13080072
12977594
12799264
12799051
12799030
12798785
12354621
12354344
12354256
12079848
12079545
12079531
12079515
12079365
12079350
11946033
11747791
11669645
11669631
11669617
11540583
11540337
11540000
11539602
11539237
11538879
11452368
11452135
11452110
11452008
11341375
11341281
11341190
11341150
11341096
11341061
11256300
11256276
11256208
11162838
11123972
11123314
11123246
11123031
11030485
11030042
11030007
11029983
10970919
10965313
10965153
10744657
10744550
10743960
10743681
10610061
10609906
10549299
10549197
10354721
10322924
10322870
10322699
10251477
10251175
10221355
10210905
10200326
10094486
10094339
10094287
10080096
10080081
10080068
10080054
10079747
10079652
10020650
9978578
9978369
9978357
9978315
9978270
9977722
9838816
9838802
9830202
9830165
9829914
9728726
9725973
9725956
9711155
9385565
9385325
9385147
8889951
8745985
8690481
8690321
8690308
8690294
8457698
8445095
8220986
8097111
7996428
7901845
7802905
7095555
7042962
6870680
6870650
6446608
6335887
6106829
5857712
5846699
5846255
5739949
5179733
4852054
4794368
4480373
4466903
4356559
4356370
4266864
4266844
4156019
4055742
3979232
3952971
3952846
3950807
3854455
3802092
3802076
3703599
3655138
3453266
3416103
3332155
2943470
2846748
2827709
2820588
2806497
2776995
2714728
2700038
809598
809414
809298
809274
808805
808671
808640
808498
808409
808339
808319
808182
808127
807984
807832
807800
806164
804913
804626
804572
804461
803801
803030
802673
802580
802401
802322
800081
800066
54114948
54114720
54114644
54114492
54114416
54114378
54114340
54114302
54114264
54114226
54114150
54114112
54114074
54105262
54094972
34680206
33912861
13436040
4362988
41954964
16217113
42904761
42438764
39119051
39105247
35115190
32233086
28481675
28261243
27984461
26120004
26118494
24143675
17675752
11473376
10351838
804642
36952199
30765444
26887736
19909174
14049653
38090656
33948779
10963966
6295674
4466532
37544486
37544449
36940257
36940218
36278451
33901309
33901272
32993913
29294495
29287199
27982072
27213750
27213713
22549244
22158067
22158031
20832545
20832532
20004460
20004447
19351104
19351091
18984131
18984118
17961553
17961540
16043165
16043152
14217022
14217009
12079803
12079774
11040284
11040196
10322928
10322649
4363480
4363271
2960566
55760353
55747716
55631629
55631591
43561301
43561263
42369772
42369734
41792795
41792490
39117621
39117581
38460399
38460361
38339116
38339078
38331897
38279992
38279954
38091147
37863967
37863933
37542556
37541115
37540492
37500854
36492749
36492712
36275379
36275361
36272570
36272494
35987055
35987017
35199868
35199138
35117674
35117636
34948528
34948452
34829224
34724825
33875109
33875092
33868409
33865855
33373995
33373957
33133098
33133060
33133047
32958769
32951271
32947656
32880720
32880682
31086197
31079449
30861698
30861666
30768830
30768792
30514166
30511232
30219928
30219882
29071694
28481317
28481279
27909575
27909537
27210306
27210268
26836124
26834574
26833620
26833581
26521375
26382079
26220063
26220025
26118893
26118817
26048018
26047981
26044640
26044602
26044185
26044146
26043558
26043520
26039144
26039106
26039068
26039030
26038992
26038955
25768894
25768856
25768060
25194236
25194185
25194147
25102987
25102949
25077064
25077026
25076926
25076888
25076850
25076812
25076737
25076390
25021079
25021051
25019952
25019662
24419745
24419090
24285757
24146045
24145378
24019681
24019667
23765438
23765424
23764936
23764701
23764687
23763941
23630262
23630242
23629776
23629763
23624850
23624835
23454415
23454338
22975923
22921590
22909537
22908873
22834197
22834158
22833378
22833364
22832887
22832849
22832698
22832684
22548657
22548643
22162117
22162103
22161833
22161491
22161477
20832853
20832523
20465910
20358599
20356893
20355825
20355811
20006376
20006114
19524192
19524177
18887469
18668129
18490635
18490621
18490409
18490395
18252016
18252002
18251088
18251074
18126604
17960945
17960931
17674794
17674770
17427562
17427548
17097858
17097844
16016717
15825996
15825982
15825803
15822234
15822171
15822157
15821807
15089197
15088344
14842181
14842167
14842153
14841977
14841963
14659884
14476781
14469881
14445166
14445152
14048573
13826036
13825924
13825910
13825418
13825404
13620953
13620939
13540175
13539877
13539863
13435761
13435481
13435241
13435199
13435184
13228909
13228903
13228880
12799500
12798901
12798835
12798769
12354657
12354276
11816598
11162853
11162813
11123287
11123204
10965336
10743973
10610285
10610132
10549379
10549365
10446890
10446858
10351884
10351870
10322781
10322717
10200819
10200767
10200680
10200651
10094502
10079959
10079860
9978430
9978415
9978342
9978300
9830139
9829998
9481032
8382174
8382130
7872302
6740932
5740953
4910465
4363490
3979268
3907695
3854633
3854592
2847111
2746437
2673698
2672818
803882
803868
803840
28261433
28261395
11123351
11123331
8774260
32958917
32958860
32958831
29995907
29995869
29995831
29995679
29993627
29993513
29993285
29992791
29992525
29992487
29992449
29992373
26895998
26130185
26129539
26129501
26120672
26120637
26120600
25015688
25015585
24955258
24285832
23630479
23630466
23630453
19909336
19909299
19909262
19591829
14216992
14216955
14216873
11816642
11816583
11341433
11341407
11341211
11272214
11272205
11272185
44802111
44151369
44151331
43963105
43963067
43958454
41793898
41793859
41793821
40142104
40142066
40142028
38574153
38574113
38570140
38328659
38328622
38328584
37544087
37541257
37541219
37502754
37501110
37280013
36951374
36951336
36948754
36947740
36947680
36838894
36838684
36495264
36488328
34950328
34950307
34950269
34682634
34682596
34682559
32228622
32228584
32228546
30859572
30859534
30859495
30514000
30513960
30513929
29291509
29291475
29291437
29074992
29074954
29074916
27922502
27922464
27922426
27439441
27439403
27439365
27436910
27436872
27436834
26897534
26897496
26897458
26836689
26379952
26379915
26376754
26044564
26044526
26044488
26042557
26042531
26042493
25076963
25076660
25076566
25076529
25076490
25076452
24571944
24571906
24571868
24251202
24251165
24251148
22908853
22908838
22908823
22833985
22283880
22283866
22283825
20523520
20523502
20498083
20004245
20004231
20004217
19591698
19591684
19591670
18984112
18984039
18984023
18982992
17674932
17097625
17097601
17097598
16488864
16488854
16488826
15088400
14841767
14658008
14657994
14657980
14657928
14657914
14657900
14469697
14469682
14469667
14048558
14048544
14048530
14048321
14048307
13080187
11705410
11705396
11705382
11669799
11669768
11669733
11123233
11040949
10965111
10752002
10751914
10751878
10200923
10200857
10200790
9978214
9977799
9977735
9725942
9725906
9725811
8677253
8250906
7670195
7668570
7042808
3332143
2847184
2846829
804840
803055
802386
55749950
29140436
27440789
27440751
27440713
26121577
15332072
14842754
14842740
14842726
11473205
11473185
11473164
43961086
43961059
43961021
43956645
41797430
41797392
41797354
41797316
41797080
41797042
41797004
41796966
41796759
41796721
41796683
41796645
41042456
41042419
41039262
41038817
40498430
40498392
40493760
40487472
38342983
38342945
38342907
38342869
37622681
37622644
37622605
37622567
37544057
37542000
37541963
37541924
37540415
36946985
36946947
36946909
36946871
34682274
34682236
34682198
34682160
34680387
34680349
34680310
34680273
33133275
33133237
33133199
33133161
32951444
32951404
32951365
32951324
32891739
32891294
32888176
32888131
31081650
31081612
31081574
31081487
31081449
31081411
31081373
31078633
27985402
27985364
27985326
27985288
24146815
24143286
24143246
24143206
24121060
24120906
24120867
24120828
23762590
23762576
23762562
23762548
22548697
22157954
22157939
22157926
20832654
20832282
20832268
20832254
19350916
19350902
19350888
19350874
18252370
18252331
18252293
18252245
17427390
17427376
17427362
17427348
14962937
14962924
14962909
14962890
14658609
14658595
14658581
14658567
14657013
14656985
14656971
14656957
14216793
14216779
14216765
14216751
14050605
14050591
14050577
14050563
14048503
14048489
14048475
14048461
10964116
10744194
10744112
10744098
10744016
9830191
9830148
9830125
9829979
6879735
5729843
5729838
5729814
4171653
4171625
4033465
41825670
41663788
41663748
41043508
41043478
41039435
41039388
41039357
40498673
40498636
40498598
40497253
40497059
40497021
40493697
40493659
40493621
40487511
40141666
40141629
40141591
40141213
40141175
38344682
38344644
38344606
38344568
38331878
37542290
37542252
37542214
37542176
37540449
37248599
37248560
36944183
36944106
36944062
34725252
34725214
34725176
34725138
34725100
31083476
31083438
31083400
31083362
31078883
30862341
30685825
29996781
29993589
27985553
27985514
27923157
27923117
27923079
27923039
27923002
22833886
22833849
22833811
22833774
22833736
20006232
20006218
20006204
20006190
20006176
20004732
20004718
20004704
20004690
20004676
20004301
19909883
19909869
19909855
19909841
19909827
19099743
19099729
19099715
19099702
18985014
18985000
18984986
18984969
18984958
17098785
17098771
17098757
16695707
16695693
16695679
16695665
16695651
14842961
14842925
14842889
14842851
14842815
14444641
14411585
14411571
14411557
14411543
14049126
14049112
14049098
14049084
14049070
14048391
14048377
14048363
14048349
14048335
12354613
12354595
12354581
12354567
12354261
11452126
11452073
10549329
10549278
10549219
10549175
10549131
10322856
10201200
10201108
10200825
10200731
10200689
9295410
9222099
9222091
8656494
8656390
8656338
8655928
8174965
6947214
6336158
6335914
6172353
6172320
6106791
4676724
4674734
4670288
4670281
3952914
3952861
3074673
54626277
54626238
54615074
54615036
54614996
54614959
38745249
38745139
38089264
36165644
33944598
33944560
33942342
33942304
33942247
33942228
33912780
33911367
33911329
33911291
33875343
33875305
32229826
32229788
32229747
32229701
32229667
32229635
28410665
28410627
28410589
28410551
25077472
25077453
25077434
25077397
25077372
24288015
24287997
24287978
24287961
24287944
24286485
22158012
22157972
19592746
19351213
19351173
15820535
15323701
14865127
14865038
14864979
14864951
14864907
14842088
14842074
14659564
14411487
14411473
14411459
14411445
14411431
14411231
11341771
10094395
10094301
10079923
10079857
10079783
10079733
7996653
7996597
7996553
7042865
6962871
6962857
6799794
6799784
6799777
6799717
6798799
5867517
5867414
4171583
4171576
4171553
4108299
3337173
2914165
55763236
55763198
55763160
55763122
55763084
55763046
55763007
55762969
41852234
39722354
39722316
39722278
39722240
39722202
39722164
39722126
38575303
38575264
38575215
38575186
38572522
38572490
38572439
38090707
38090669
37621368
37621328
37621290
37621252
37621213
37621176
37621138
37621100
36490510
36490472
36483794
36483756
36483718
35094436
35094398
35094360
35094322
35094284
35094112
35094074
30688953
30688915
30688877
30688839
30688801
30684520
30684482
26374817
26374779
26374741
26374703
26374665
26374627
26374551
26131233
26131195
26131158
26131119
26131081
26131043
26131005
26130967
26045425
24572557
24572519
24572482
24572443
24572405
24572367
24572329
24570444
22833322
22833280
22833210
22833182
22833154
22833140
22833126
22283078
22283063
22283048
22283034
22278877
22278863
22278849
20466470
20466456
20466442
20466428
20466414
20466400
20466384
20466370
19394700
18262655
17428532
17428518
17428504
17428490
17428476
17428448
16694174
16694160
16694146
16694132
16694118
16694104
14690514
14675784
14675770
14470111
14470103
14470052
14470022
14469177
14468995
14468959
14412353
14412339
13825516
13825502
13825474
13080685
13080671
13080657
13080643
13080629
13080615
13080601
11540603
11341520
11341506
11341492
11341478
11341081
11341039
11341006
11340978
10964075
10964061
10964047
10963997
10963983
10963969
10963935
10609963
10400647
10251641
10251621
10251312
10251285
10251257
10251187
10251159
10007423
10002870
9994838
9978648
9978606
9978329
9978245
9978231
9977816
7411526
6962752
6276352
4238908
4238907
3912627
3131174
3021330
3021319
44139470
41041326
41041308
41041290
41041272
41041254
41041236
41041046
41041028
34683324
33904544
33904526
33904508
33904490
33904472
33904454
33904436
33904418
31259763
30219842
30219804
30219766
30219728
30219690
30219652
30215853
30215777
30215701
26381451
24145970
24145932
24145894
24121590
24121548
24121510
24121470
24121431
24120659
20357143
20357129
20357115
20357101
20357087
20357073
20357059
20357045
20357031
18252164
18252150
18252136
18252122
18252108
18251190
18251176
18251162
18251108
18251093
18251060
18250946
14843581
14841238
14841224
14841210
14841196
14841182
14841168
14841154
14841140
14841126
14841112
14690161
14690135
14690120
14690105
14412047
14412034
14412019
14412006
14411991
14411977
14411960
14411947
14181205
14181185
14050495
14050457
14050419
14050380
14050343
14050305
14050267
13540466
13540452
13540424
13540410
13540396
13540382
13540368
13540354
13540340
11341367
11341300
11341277
11341203
11341174
11341139
11341115
11341070
11341000
9385191
7996788
7996694
7996477
7956416
7901890
7901834
6413073
6413055
6407629
5848893
5848884
5848871
5848854
5848817
5848796
5848791
5848776
3854650
2763216
2763133
2763120
2763101
2648323
2648278
807219
805063
805050
805030
804976
41827182
41827144
41827106
41827068
41827030
41826990
41826954
41826915
41826361
41826323
41826285
37626602
37621847
37621809
37621771
37621733
37621695
37621657
37621619
37621578
37621540
37621502
36165589
26835810
26831430
26831392
26831354
26831316
26831278
26831240
26831199
26831161
26831123
26831085
26130895
25813011
25768742
25768705
25768668
25768630
25768592
25768554
25768516
25768478
25768440
22548628
22548613
22548598
22548583
22548568
22548553
22548539
22548525
22548511
22548497
22521029
17046864
17046826
17046788
17046750
17046712
17046674
17046636
17046598
17046560
17046522
17046498
15825097
15333697
15333660
15333623
15333586
15333550
15333514
15333477
15333440
15331756
15088414
14841473
14841099
14841085
14841071
14841057
14841043
14841029
14841014
14841001
14469852
14049985
14049971
14049957
14049943
14049922
14049915
14049901
14049887
14049873
14049859
14048250
6986229
6799857
6799826
6799730
6798813
807162
807152
807124
807066
807053
807038
806794
806774
806705
806664
42266131
41697941
36496105
36165726
35115998
35115960
35115922
35115884
35115846
35115808
35115770
35115732
35115694
35115656
35115618
35115580
35115543
33373126
33373088
33373050
33373012
33372974
33372936
33372898
33372860
33372822
33372784
33372746
33372706
33372669
33349032
32233078
32233040
32233002
32232597
32232559
32232521
32232482
32232444
32232406
32232368
32232330
32232292
32232254
32232216
32232178
32232140
31259747
24147194
22283459
22283425
22283381
22283355
22283314
22283272
22283242
22283204
22283167
22283133
20356922
20356908
20356880
20356866
20356852
20356838
20356824
20356810
20356796
20356782
20356768
19524529
19524501
19524486
19524471
19524456
19524442
19524427
19524411
19524397
19524383
19524368
19524352
18668579
18490254
18490218
18490177
18490147
18490105
18490074
18490038
18490002
18489974
18489929
18489893
18489858
18489822
15088463
14841753
14841739
14841725
14841711
14841697
14841683
14841669
14841655
14841641
14841627
14841613
14841599
14841585
13230621
13230607
13230593
13230579
13230565
13230551
13230537
13230523
13230509
13230495
13230481
13230467
13230453
10963932
10963722
10094541
10094425
10094268
10080303
10080243
10080185
10080164
10080142
10079940
10079814
10079764
10079714
10079668
8382068
8382052
8363803
8363610
8363596
8363582
8363540
8363526
7672079
7672045
7672037
7672023
7671955
7670264
7670250
7670137
5522516
4850766
4850753
4850666
4850637
4100397
4100375
4097802
2658879
2658820
2658776
2658756
2658700
2658675
2658583
2658463
2658401
29996363
29996097
29996059
29996021
29995527
29995451
29994235
29992639
26899806
26899769
26899734
26899697
26899662
26899626
26899590
26899554
26899517
26899482
26899445
26899410
26899374
26899338
26899302
26899266
26899230
26899194
26899158
26896455
26896379
26896304
17728858
17728844
17728830
17728816
17728802
17728788
17728774
17728760
17728746
17728732
17728718
17728704
17728690
17728676
17728662
17728648
13826081
13825885
13825871
13825857
13825843
13825829
13825815
13825801
13825787
13825773
13825759
13825745
13825731
13825717
13825703
13825689
13825675
13825661
13825647
13825633
13825619
11162912
10610369
10610341
10610327
10610313
10610299
10610271
10610118
10610104
10610090
10610076
10610048
10610034
10610020
10610006
10609992
10609978
10609936
10609922
10609894
8803726
8803646
8803594
8803452
8803400
8803386
8803372
8803288
8803274
6386446
5228799
5228770
5228722
4356339
4356322
4356246
4356208
4356022
4355869
3097344
3097325
3097297
3097284
3085879
3085795
3085791
3085779
3085737
3085716
3085706
41853490
41853452
41853414
41853376
41853338
41853299
41853261
41853223
41853185
41853147
41853109
41853071
41853033
41852995
41852957
41852919
41852881
41852843
41852805
41852767
41852729
41852691
41852653
41852615
36489116
32890447
32890409
32890371
32885469
32885431
32885393
32885355
32885317
32885279
32885241
32885203
32885165
32885127
32885089
32885051
32885013
32884975
32884937
32884899
32884861
32884823
32884785
32884747
27438222
27438184
27438146
27438108
27438070
27438032
27437994
27437956
27437918
27437880
27437842
27437804
27437766
27437728
27437690
27437652
27437614
27437576
27437537
27437499
27437461
27437423
27437385
27437347
27437309
27437271
27437233
26378090
26378052
26378014
26377976
26377938
26377901
26377862
26377824
26377786
26377748
26377710
26377672
26377634
26377596
26377559
26377520
26377482
26377444
26377406
26377368
26377330
26377292
26377254
26377216
26374093
19736772
19736758
19736744
19736730
19736716
19736702
19736688
19736674
19736660
19736646
19736632
19736618
19736604
19736590
19736576
19736562
19736548
19736534
19736520
19736506
19736492
19736478
19736464
19736450
19736436
19736422
19736408
19736303
16545231
16545214
16489288
16489274
16489218
16489204
16489190
16489176
16489162
16489148
16489134
16489120
16489106
16489092
16489078
16489064
16489050
16489036
16489022
16489008
16488994
16488980
16488966
16488952
16488938
16488924
16488910
15332801
11540646
11540632
11540574
11540546
11540401
11540373
11540073
11540059
11540029
11540017
11539822
11539676
11539622
11539306
11539168
11539033
11538799
11538785
11538757
11538614
11538471
11538416
10400712
10400699
10400686
10400673
10400660
10400634
10400621
10400594
10400567
10400540
10400513
10400500
10400473
10400460
10400447
10400434
10400421
10400408
10400395
10400382
10400369
10400356
10400343
10400316
10400303
10400290
10400264
10400251
10201180
7324003
7323911
6390572
6386427
5625438
5623038
5619208
5619121
5619111
5619093
5619081
5619042
5619013
5618976
41660498
41660459
41660421
41660383
41660345
41660307
41660269
41660231
41660193
41660155
41660117
41660079
41660041
41660003
41659965
41659927
41659888
41659851
41659813
41659775
41659737
41659699
41659661
41659622
41659585
41659547
41659509
41659471
41659433
41659395
41659357
41659319
41659281
41659243
41659203
41659165
41657335
38463841
38463783
38346850
38346812
38345702
38345664
38342823
38342785
38342747
38342709
38342671
38342633
38342595
38342557
38342519
38342481
38342443
38342405
38342366
38342329
38342291
38342253
38342215
38342177
38342139
38342101
38342063
38342025
38341987
38341949
38341911
38341873
38341835
38341796
38341758
38341721
38339363
37275803
36278487
26128665
22165103
22162839
22162818
22162804
22162782
22162768
22162754
22162740
22162726
22162712
22162684
22162670
22162656
22162642
22162628
22162614
22162600
22162586
22162572
22162558
22162544
22162530
22162516
22162502
22162488
22162460
22162446
22162432
22162418
22162404
22162390
22162376
22162362
17099417
17099403
17099389
17099375
17099361
17099347
17099333
17099319
17099305
17099291
17099277
17099263
17099249
17099235
17099221
17099207
17099193
17099179
17099165
17099151
17099137
17099123
17099109
17099095
17099081
17099067
17099053
17099039
17099025
17099010
17098997
17098983
17098969
17098955
17098941
17098927
10965887
10965873
10965845
10965779
10965765
10965310
10965136
10964855
10964584
10964553
10964525
10964497
10964483
10964455
10964441
10964156
10964100
10953251
10953237
10953223
10953203
10953189
10953175
10953161
10953147
10953133
10953119
10953105
10945372
8673456
8673442
8673288
8673274
8673232
8673190
8673120
8673092
8673078
8673063
8673007
804355
804346
804307
804285
804256
804238
804200
804192
804178
804033
803994
803941
28130837
4575898
4575884
4575870
4575856
4575829
4575816
4575799
4575775
4575761
4575691
4575596
4575554
4575484
4575470
4575414
4575358
4114622
4114608
4114564
4114552
4108102
806098
806023
805986
805950
805909
805894
805765
805707
805591
805563
805535
805519
805501
805426
34725309
31220614
31220577
31220539
31220501
31220463
31220425
31220387
31220349
31220311
31220273
31220235
31220197
31220159
31220121
31220083
31220045
31220006
31219969
31219931
31219893
31219855
31219817
31219779
31219741
31219703
31219665
31219627
31219589
31219551
31219513
31219475
31219437
31219399
31219361
31219323
31219285
31219247
31219209
31219171
31219132
31219095
31219057
31219019
31218981
31218943
31218904
31218867
31218829
31218791
31218753
31218715
31218677
31218639
31218601
31218563
31218525
31218487
31218449
31218411
31218373
31218335
31218297
31218259
31218221
31218183
31218145
31218107
31218069
31218031
31217993
31217955
31217917
31217879
31217841
31217802
31217765
31217727
31217689
31217651
31217613
31217575
31217537
31217499
31217461
31217423
31217385
31217347
31217309
31217271
31217233
31217195
31217157
31217119
31217081
31217043
31217005
31216967
31216929
31216891
31216853
31216815
31216777
31216739
31216701
31216663
31216625
31216586
31216548
31216511
31216473
31216435
31216397
31216359
31216321
31216283
31216245
31216207
31216169
31216131
31216093
31216055
31216017
31215979
31215941
31215903
31215865
31215827
31215789
31215751
31215713
31215674
20355694
20355680
20355666
20355256
15089166
15089152
15089138
15089124
15089110
15089096
15089082
15089068
15088449
15088227
15088213
15088199
15088185
15088171
15088157
15088143
14843553
14843539
14843525
14843511
14843497
14843483
14843469
14843455
14843441
14843427
14843413
14843399
14843385
14843371
14843357
14843343
14843329
14843315
14843301
14843287
14843273
14843259
14843245
14843231
14843217
14843203
14843189
14843175
14843161
14843147
14843133
14843119
14843105
14843091
14843077
14843063
14843049
14843035
14843021
14843007
14842699
14842559
14842545
14842531
14842517
14842503
14842489
14842475
14842461
14842447
14842433
14842419
14842405
14842391
14842377
14842363
14842349
14842335
14842321
14842307
14842293
14842279
14842265
14842251
14842237
14842223
14842209
14842195
14841571
14841557
14841543
14841529
14841515
14841501
14841487
11747614
9414077
31082921
100144591
39750719
55766311
55766231
55763288
55763274
55760829
55760791
55760753
55760715
55760392
55760133
55760096
55757896
55757855
55757841
55757754
55757321
55755224
55755186
55755148
55754669
55754631
55754569
55754531
55754493
55754445
55754428
55754390
55752375
55752339
55749912
55749860
55749800
55749524
55749119
55749081
55748914
55748868
55748094
55748002
55747830
55747795
55747747
55747150
55747137
55631405
55631366
55631327
55631288
55631249
55631100
55293370
55292982
55292536
55292479
55291339
55290524
55290468
55290424
55290386
55290100
55288506
55288447
55288294
55288196
55288158
55288120
55288107
55287968
55286877
55286839
54620610
54620597
54619910
54619602
54619570
54618703
54618690
54618115
54616890
54616827
54616789
54616486
54616448
54616134
54615128
54614912
54614000
54613619
54613543
54604329
54604292
54604216
54604178
54603772
54603199
54602936
54602898
54599930
54599760
54599421
54599258
54599244
54599230
54598961
54598894
54598206
54598193
54598117
54598062
54598039
54597983
54597940
54597268
54597224
54596897
54596882
54596544
54595605
54592417
54591619
54591256
54591237
54591224
54591063
54124873
54124850
54115980
54115918
54115737
54115701
54115009
54114834
54114796
54114758
54114682
54114188
54111673
54110799
54110179
54108953
54108122
54107561
54107372
54107321
54107258
54107090
54106822
54106370
54106332
54106294
54106256
54106239
54105600
54105572
54105528
54105465
54105450
54105408
54105107
54104915
54104877
54104839
54104801
54103414
54103397
54103011
54102841
54101498
54101222
54101183
54100763
54100445
54100153
54100121
54099656
54099618
54099580
54099542
54099504
54099465
54099428
54099389
54099352
54099313
54099276
54099238
54099158
54099120
54099086
54098652
54098238
54097777
54097083
54096555
54095729
54095713
54095383
54095340
54095307
54095291
54095228
54095061
54095048
54095010
54094352
54094339
54094034
44805039
44804858
44804820
44804782
44804745
44804708
44804680
44804463
44803736
44803698
44803660
44803622
44803584
44803546
44803508
44803470
44803432
44803394
44803356
44803261
44802965
44802916
44802753
44802690
44802092
44802075
44802039
44802001
44801974
44801966
44800631
44800593
44800531
44800493
44800455
44800417
44800379
44800341
44800305
44800041
44800024
44800007
44799990
44799829
44799254
44799213
44799175
44799137
44798788
44798725
44798568
44798525
44798203
44798142
44797986
44797948
44797910
44797872
44797834
44797796
44797758
44797720
44797682
44797644
44797606
44797568
44797530
44797492
44797454
44797416
44797378
44797340
44797302
44797264
44797226
44797188
44797150
44797112
44797074
44797036
44796998
44796960
44796898
44796826
44796788
44796759
44796720
44796015
44795977
44795932
44795631
44794378
44794340
44794142
44794087
44793940
44793659
44793597
44793578
44792404
44792366
44792328
44792290
44792252
44792214
44792176
44790734
44790697
44790659
44790621
44790336
44790298
44790180
44790136
44790119
44790102
44790065
44790027
44789054
44154382
44154344
44154306
44153382
44153111
44152932
44152873
44152839
44152801
44152763
44152724
44152711
44152672
44152566
44151691
44151521
44151502
44151464
44151407
44151293
44151123
44151104
44151043
44151023
44150986
44150933
44150700
44150292
44150029
44149991
44149953
44149915
44149877
44149839
44149801
44149137
44149128
43964979
43964940
43964903
43964872
43964834
43964773
43964600
43963851
43963549
43963502
43963146
43962259
43962106
43961658
43961335
43961314
43960732
43960177
43959955
43959922
43959795
43959775
43959720
43959704
43959508
43959494
43959288
43959249
43958648
43958568
43958549
43958492
43958416
43957985
43957696
43957545
43957479
43957469
43957407
43957393
43957196
43561685
43561647
43561610
43561566
43561515
43561470
43561243
43561202
43561126
43560667
43560518
42907231
42907173
42906893
42906559
42904347
42904308
42904267
42904079
42904041
42903971
42903945
42903907
42903851
42903810
42903775
42903756
42903699
42903661
42903623
42903547
42903509
42903337
42896273
42893834
42893683
42893627
42892147
42892122
42889774
42889712
42889693
42889636
42889617
42889584
42889370
42889076
42889040
42889000
42888979
42888521
42888460
42439215
42439174
42439122
42439086
42439056
42439017
42438981
42438725
42438662
42438647
42438608
42438568
42438397
42438336
42438301
42438259
42438245
42438207
42437400
42437362
42437324
42437286
42437272
42437209
42437171
42436682
42271668
42271630
42271591
42271424
42270208
42269389
42269351
42268874
42268692
42268484
42268455
42268420
42266767
42266715
42266260
42266224
42266211
42266172
42265438
42263878
42263712
42263187
42263149
42263110
41954867
41954829
41954659
41954622
41954448
41954299
41954261
41854784
41854775
41854566
41854371
41852273
41834403
41834365
41834306
41827489
41826757
41826720
41826711
41826648
41825749
41825471
41825462
41825424
41825384
41825348
41825175
41825137
41800542
41800365
41800351
41800289
41800251
41800213
41800175
41800137
41799818
41799756
41799717
41799679
41799641
41797919
41797885
41797847
41797808
41797761
41797727
41797689
41797551
41797512
41797470
41797260
41796840
41796797
41796626
41796588
41793233
41793175
41793156
41793118
41793080
41793042
41793004
41792966
41792928
41792890
41792852
41792776
41792718
41792676
41792666
41792628
41792566
41792547
41792181
41792034
41791990
41703693
41703650
41703626
41703570
41703556
41703505
41702864
41702832
41702779
41700811
41700765
41700715
41700671
41700588
41700560
41700405
41700346
41700303
41700111
41700065
41699879
41699866
41699812
41699750
41699743
41699674
41699527
41699447
41699283
41699258
41699215
41699149
41699138
41699091
41699050
41699011
41698980
41698912
41698854
41698823
41698759
41698684
41698266
41698193
41698134
41663028
41662966
41662642
41662628
41661767
41661435
41659105
41659067
41658655
41658008
41657699
41657660
41064187
41047351
41047210
41047172
41047134
41047096
41047058
41044222
41044184
41044145
41043833
41043795
41043757
41043719
41043681
41043643
41043605
41043543
41043176
41043171
41042392
41041962
41041785
41041745
41041579
41041517
41041361
41041219
41040899
41040861
41040806
41040618
41039672
41039658
41039620
41039580
41039520
41039319
41038796
41038563
41038519
41038213
40882190
40882161
40881629
40881208
40881132
40881094
40881056
40880973
40880807
40880511
40879698
40879524
40879495
40879445
40879409
40879384
40877070
40874274
40872205
40872162
40872129
40872091
40872053
40871962
40871363
40871325
40871306
40868822
40867895
40867732
40867694
40867656
40867248
40867234
40866425
40866323
40866098
40864732
40864320
40863949
40863618
40512877
40512839
40512801
40512542
40511582
40509447
40509409
40509371
40509333
40509295
40509119
40509088
40508917
40506524
40506486
40502428
40502027
40501032
40499941
40499903
40499864
40499623
40499416
40499334
40499029
40498795
40497558
40497282
40496984
40496946
40496932
40496894
40493940
40493773
40493450
40493295
40493281
40493219
40492843
40492804
40492162
40492061
40491904
40491866
40490644
40489036
40489003
40488942
40488416
40488149
40487681
40487278
40487264
40487200
40486700
40413926
40412852
40412691
40346125
40149881
40146184
40146146
40146109
40145952
40145209
40145171
40145133
40144439
40143758
40143072
40142201
40142163
40142015
40141977
40141801
40141763
40141703
40141443
40141137
40140950
40140626
40140085
40139678
40139640
40138979
40138394
40138373
40137905
40137868
40136642
40136603
40136567
40136258
40135795
40135781
39728075
39723345
39723307
39723269
39723231
39723193
39723155
39722828
39722791
39722753
39722715
39722677
39722639
39722601
39722563
39722525
39722487
39722449
39722411
39722373
39721827
39713487
39713449
39713411
39710078
39710039
39710002
39709964
39707285
39698296
39697704
39696038
39695810
39695747
39695576
39695538
39694356
39574629
39417966
39417928
39417789
39417737
39417447
39417431
39417397
39416210
39416172
39416134
39416096
39416058
39416020
39415982
39415944
39415906
39415868
39415830
39412672
39412028
39411719
39411426
39411388
39410817
39410806
39342854
39342688
39342643
39341555
39341140
39341080
39341053
39341039
39341001
39340963
39338205
39338034
39337996
39337958
39337352
39337203
39337024
39336985
39336948
39336909
39336875
39336833
39336801
39336756
39336471
39336458
39336284
39336246
39336183
39336144
39336107
39336069
39334114
39334051
39333884
39333864
39333497
39333459
39333415
39333248
39332887
39332355
39332341
39332129
39332091
39332028
39331990
39331648
39331594
39331296
39331177
39330752
39330714
39330676
39330646
39330607
39330442
39330401
39330363
39330326
39330280
39330274
39121124
39120977
39119401
39117543
39117205
39117168
39116861
39114345
39114272
39111810
39110775
39109070
39109006
39108619
39105360
39087869
39087570
39087484
39087446
39087370
39087144
39087106
38948590
38948552
38948490
38947226
38947192
38748231
38745216
38745191
38575541
38575030
38574351
38573810
38572268
38572110
38572085
38572032
38572014
38570953
38570713
38570675
38466320
38466282
38466243
38466211
38464390
38464377
38464314
38463876
38462168
38461987
38461949
38461911
38460566
38460474
38460436
38460341
38460121
38459941
38458762
38458552
38458214
38345967
38345784
38345338
38345301
38345190
38344776
38344764
38344726
38344160
38344142
38343739
38343132
38343094
38343056
38342842
38340712
38340687
38340651
38340190
38340152
38340113
38340075
38340044
38339307
38339269
38339231
38339192
38339156
38338925
38338887
38338855
38338680
38338642
38338569
38338155
38338114
38335172
38335118
38334684
38334646
38334608
38334596
38334557
38334237
38334198
38333566
38332242
38330844
38329255
38328870
38328811
38328773
38328735
38328718
38328549
38328258
38328220
38327914
38290505
38290466
38290272
38290003
38289942
38289903
38289878
38289840
38289091
38289002
38287635
38287614
38287100
38284895
38284831
38284680
38283173
38282622
38281398
38281335
38280788
38280749
38280710
38280672
38280634
38280596
38280558
38280520
38280482
38280444
38280381
38280230
38280167
38280092
38280054
38279868
38279771
38279750
38169119
38092619
38092585
38092548
38092532
38092173
38092119
38091554
38091516
38091456
38090770
38090618
38089626
38089562
38089549
38089486
38089238
38089150
38089131
38089074
38089060
38088862
38046334
38046161
37868299
37867505
37864056
37863733
37863325
37629354
37626591
37626528
37626477
37626409
37626264
37626059
37626009
37625934
37625868
37625824
37625788
37625750
37625712
37625674
37625637
37625597
37625557
37625100
37624788
37624750
37622507
37622304
37621494
37621456
37621418
37621075
37621036
37620998
37620960
37620922
37620884
37620819
37620745
37620733
37544428
37544365
37543573
37543545
37543494
37543320
37543102
37542892
37542594
37541912
37541865
37541828
37541790
37541734
37541696
37541658
37541509
37541129
37540631
37540566
37540548
37540356
37540159
37539975
37539878
37508445
37508353
37508302
37508135
37508122
37507943
37507905
37507867
37507812
37507497
37507459
37507438
37507400
37507345
37507324
37507286
37507231
37507210
37507172
37507134
37507079
37506942
37505305
37505267
37505195
37505155
37505134
37505096
37505058
37505021
37504982
37504944
37504888
37504850
37504812
37503163
37503125
37502985
37502921
37502883
37502845
37502807
37502769
37501372
37501330
37501284
37501225
37501184
37501168
37500935
37500897
37500861
37280120
37280082
37279588
37279565
37279516
37279001
37278016
37277967
37277950
37277924
37277858
37277838
37277791
37277481
37277157
37277080
37277043
37277014
37276846
37276693
37276365
37276244
37276089
37276065
37275905
37275869
36960524
36956403
36956365
36956327
36956289
36956251
36956213
36956175
36956137
36956099
36956061
36956023
36955985
36955947
36955909
36955871
36955833
36955795
36955757
36954043
36953657
36952161
36950822
36950785
36949284
36949208
36948822
36948746
36947777
36947662
36947625
36947511
36947473
36947435
36947397
36947359
36947207
36947169
36947060
36947022
36946488
36945987
36945952
36944271
36943401
36943362
36943323
36943284
36943247
36943171
36943095
36943056
36943017
36942978
36942939
36942900
36942857
36942819
36942743
36942704
36942665
36942626
36942587
36942548
36942509
36942470
36942431
36942393
36942317
36942278
36942239
36942200
36942161
36942122
36942083
36942045
36941969
36941893
36941854
36941815
36941776
36941737
36941698
36941659
36941620
36941581
36941516
36941474
36941232
36941193
36941127
36941107
36941041
36941031
36940320
36938558
36938413
36938375
36938337
36938299
36938103
36938065
36938027
36937989
36937951
36937913
36937875
36937837
36937799
36937761
36937723
36937685
36937647
36937609
36937571
36937520
36937028
36937007
36936968
36936425
36936248
36936210
36936019
36935978
36935962
36935924
36935627
36935184
36935140
36934972
36934675
36934645
36839015
36839002
36838886
36496484
36495648
36495591
36495559
36495046
36494621
36494545
36492419
36490951
36490547
36490304
36490278
36490240
36490202
36490163
36490126
36489910
36489251
36488616
36487415
36487079
36485516
36485345
36483401
36483363
36483288
36483249
36372692
36280462
36280447
36280250
36280096
36279791
36279488
36279453
36279412
36278748
36278710
36278540
36278519
36278389
36277404
36277227
36277186
36277148
36277110
36277075
36277034
36276961
36276923
36276716
36276647
36276615
36276462
36275975
36275932
36275886
36275821
36275676
36275635
36275597
36275561
36275192
36275178
36275116
36275077
36273084
36273023
36272983
36272945
36272637
36272608
36272355
36272317
36272278
36272241
36272190
36272165
36272127
36272089
36272051
36272013
36271975
36271937
36271899
36271861
36166913
36165816
36165674
35996785
35996747
35996709
35996671
35996633
35996595
35996557
35996496
35996475
35993789
35993751
35993688
35993675
35993637
35993561
35993485
35993447
35993409
35993371
35993333
35993145
35992046
35991985
35991939
35991385
35987599
35987435
35987424
35987360
35987322
35987284
35987246
35987208
35987170
35987157
35987119
35986913
35985658
35985158
35983410
35457141
35457043
35457003
35456532
35455386
35455204
35455165
35454693
35454635
35454597
35454559
35454030
35453992
35453954
35453916
35453878
35453840
35453802
35453764
35453726
35453557
35453519
35453481
35453443
35453244
35448444
35448299
35448261
35448223
35448185
35448084
35447962
35447792
35447756
35447210
35414546
35414508
35414470
35218592
35218552
35201947
35201621
35200442
35200137
35199944
35199912
35199830
35199796
35199454
35199328
35198912
35198850
35198296
35198244
35198206
35117496
35117438
35117395
35117381
35117314
35117300
35116919
35116885
35116845
35116574
35116116
35116072
35094629
35093654
35093614
35093594
35093551
35093394
35093355
35093292
35093275
35093087
35093049
35093012
34950648
34950592
34950535
34950367
34950237
34950199
34950161
34950123
34950047
34950009
34949971
34949933
34949857
34949819
34949781
34949743
34949667
34949629
34949553
34949515
34949244
34948776
34948762
34948591
34948514
34948433
34948394
34948356
34948319
34948280
34948242
34948204
34948166
34948128
34948091
34948052
34948014
34947976
34947939
34947901
34947863
34947825
34947786
34947749
34947711
34947673
34947635
34947597
34947558
34947521
34947483
34947445
34947407
34947368
34947336
34947274
34947255
34947217
34927633
34927622
34927583
34927545
34927460
34927422
34927384
34927308
34927270
34927232
34926755
34926382
34926086
34829186
34829151
34828600
34828587
34828549
34828511
34734246
34731312
34731272
34726530
34726330
34726310
34726253
34726214
34726158
34726124
34725748
34725708
34725670
34725632
34725458
34725391
34725087
34724538
34724506
34724468
34683018
34682852
34682103
34680931
34680893
34680855
34680817
34680190
34680150
34679814
34570241
34570046
34569538
34569523
34569409
34569213
34568770
34567634
33949853
33949508
33949476
33949196
33948863
33948825
33944934
33944788
33944750
33944712
33944674
33944636
33944484
33944129
33944093
33944055
33944017
33943851
33943815
33943611
33943575
33943543
33942470
33942429
33912905
33912825
33912130
33912110
33912047
33911771
33911749
33911470
33911432
33910913
33910756
33909699
33909661
33909603
33909587
33906461
33906423
33906360
33905874
33905697
33904571
33904113
33904050
33903905
33903867
33901574
33900994
33900880
33900823
33900779
33900221
33900112
33876512
33876474
33876436
33876398
33876360
33876322
33876284
33876246
33876208
33876094
33876056
33876018
33875084
33874932
33874600
33874464
33874426
33874388
33874312
33874160
33874097
33869548
33869234
33868807
33868691
33868685
33868632
33868478
33867682
33867655
33867617
33867579
33867541
33867177
33867063
33866072
33409428
33409394
33374216
33374182
33374133
33374128
33374090
33374052
33373913
33373892
33373848
33373796
33373783
33363051
33363013
33362975
33362936
33362898
33362860
33362822
33362810
33362746
33362711
33362696
33362594
33352669
33352578
33352557
33352520
33352483
33352446
33352409
33352372
33352335
33352298
33352261
33352224
33352187
33352132
33350922
33350415
33348164
33307550
33195132
33195094
33195056
33194906
33194868
33194699
33194663
33194417
33133009
33132971
33132403
33127953
33127770
33127733
33127707
33127669
33127635
33127443
33127276
33127236
33127198
33126237
33126199
33080438
33080401
32958807
32958192
32957890
32957611
32957573
32957347
32957309
32957271
32957257
32957209
32957182
32957144
32957106
32957056
32956624
32956176
32956138
32956100
32951124
32950927
32950775
32950596
32947542
32929018
32892189
32892176
32892112
32891986
32891688
32891643
32891611
32891559
32891260
32889371
32889337
32889297
32889285
32889068
32889030
32888840
32888709
32888502
32888215
32888123
32887359
32887265
32887246
32887076
32887038
32886977
32886939
32886901
32886348
32886309
32886278
32886215
32886198
32886139
32886126
32886079
32886061
32886052
32885883
32885845
32884558
32881038
32880758
32880621
32880583
32880406
32879807
32879769
32879731
32879693
32879654
32879341
32878111
32282773
32280783
32280747
32232902
32231882
32230803
32230751
32230690
32230672
32230632
32229924
32229888
32229465
32229187
32229145
32229116
32228533
32228381
31412944
31412906
31412868
31412830
31412792
31412630
31086356
31086129
31086053
31086014
31085901
31085863
31085824
31085787
31085749
31085711
31085673
31085635
31085597
31085559
31085401
31085312
31085299
31085258
31085158
31085120
31085082
31085044
31085006
31084968
31084930
31084892
31084464
31084426
31084388
31084350
31084312
31084274
31084236
31084198
31084160
31084122
31084084
31084046
31084008
31083970
31083932
31083894
31083856
31083818
31083780
31083742
31083704
31083666
31083628
31083590
31083552
31083514
31083324
31083286
31083248
31083210
31083172
31083134
31083096
31082888
31082542
31082504
31082420
31082357
31081561
31081522
31080422
31080202
31080190
31080143
31080104
31080083
31080022
31079985
31079972
31079893
31079856
31079819
31079766
31079718
31079671
31079411
31079335
31079162
31079118
31079087
31079073
31079035
31078997
31078959
31078921
31078845
31078696
31078485
30902215
30902177
30902139
30902101
30902063
30902025
30901949
30901911
30901873
30901835
30901806
30901743
30901705
30901653
30901270
30901258
30901220
30901182
30900668
30899373
30899335
30899297
30899259
30899221
30899183
30898636
30898455
30898426
30898105
30864102
30864064
30863760
30863610
30863547
30863509
30863471
30862378
30862328
30862239
30862056
30861826
30861788
30861751
30858933
30858559
30858547
30858351
30858312
30857549
30857511
30857473
30857303
30768130
30768111
30765558
30690419
30690406
30690240
30689967
30689434
30689365
30689175
30689156
30689125
30688739
30688193
30686107
30686051
30685963
30685911
30685896
30685787
30685749
30685711
30685673
30685635
30685318
30684727
30684685
30684445
30684375
30514556
30514517
30514480
30514304
30514266
30514228
30513916
30513817
30513779
30513512
30513281
30513243
30513099
30513050
30512711
30512498
30512460
30512422
30512384
30512075
30511469
30511295
30510892
30220300
30220297
30219632
30219593
30219556
30219518
30219348
30219317
30219033
30218614
30218281
30218243
30217797
30217759
30217590
30217553
30217515
30217502
30217439
30217109
30217071
30217033
30216761
30215914
30215642
30215607
30214490
30214032
30213994
30213956
30213918
29997413
29997313
29997025
29996988
29996951
29996914
29996877
29996840
29996803
29996743
29996705
29996667
29996629
29996591
29996553
29996515
29996477
29996439
29996401
29996325
29996287
29996249
29996211
29996173
29996135
29995983
29995945
29995793
29995755
29995717
29995641
29995603
29995565
29995489
29995413
29995375
29995337
29995299
29995223
29995185
29995147
29995109
29995071
29995033
29994995
29994957
29994919
29994881
29994843
29994805
29994767
29994729
29994691
29994653
29994615
29994577
29994539
29994501
29994463
29994425
29994387
29994349
29994311
29994273
29994083
29994045
29994007
29993969
29993893
29993855
29993779
29993703
29993665
29993551
29993475
29993437
29993399
29993361
29993323
29993247
29993209
29993171
29993133
29993095
29993057
29993019
29992981
29992943
29992867
29992753
29992715
29992677
29992411
29992335
29992297
29992259
29992221
29992183
29992107
29992019
29991982
29991494
29991411
29294991
29294583
29294545
29293792
29293767
29293725
29293298
29293064
29292503
29292465
29292364
29292326
29291971
29291792
29291551
29291001
29290251
29289731
29289718
29289654
29289642
29289604
29289352
29289202
29288872
29288572
29288527
29288514
29288465
29288427
29288249
29287942
29287783
29287745
29287707
29287669
29287631
29287593
29287555
29287498
29141495
29141301
29141281
29141183
29139752
29077967
29071931
29071399
29071118
29071029
29061420
29061254
29061244
29030870
28482634
28482598
28482134
28482122
28482059
28481907
28481840
28481637
28481611
28481456
28481393
28481355
28481136
28480003
28479721
28479656
28410538
28341137
28262866
28262559
28262520
28262458
28262445
28262275
28262236
28262058
28262020
28261570
28261502
28261480
28261382
28261344
28261306
28261221
28261166
28261153
28261116
28255838
28255540
28255472
28255435
28255401
28255369
28255205
28255152
28255115
28255078
28254800
28254475
28254413
28254375
28254341
28253926
28253755
28253717
28253679
28253641
28253628
28253590
28253287
28252944
27986188
27986149
27986110
27985705
27985657
27985593
27984615
27983677
27983639
27983459
27983423
27983370
27983033
27983010
27982930
27982548
27982510
27982472
27982396
27982354
27982282
27982218
27924223
27924169
27924121
27924108
27924045
27924007
27923969
27923931
27923892
27923706
27923646
27923633
27923595
27923531
27923335
27923293
27923225
27922977
27922926
27922887
27922741
27922697
27922390
27914395
27912152
27911523
27911429
27911391
27911353
27911286
27911012
27910478
27910437
27910003
27909965
27909919
27909914
27909876
27909838
27909786
27909650
27909362
27909054
27908714
27908114
27787566
27439351
27439157
27439145
27438871
27438855
27438793
27438755
27438717
27438318
27438278
27437200
27437162
27437124
27437086
27437048
27436998
27436948
27251177
27246749
27218259
27218091
27218028
27217159
27217124
27217083
27216850
27216812
27216774
27216736
27216698
27216660
27216622
27216584
27216546
27216508
27216476
27214172
27213872
27213835
27213796
27213660
27213646
27213432
27213394
27205969
27111831
27111769
27111619
27111581
27111544
27111353
27111315
27111277
27111111
27111073
27111026
27111001
27110965
27110902
27109934
27109796
27109781
27109343
27109306
27109267
27109205
27109166
27109128
27109090
27109078
27109033
27108995
27108964
27108909
27108863
27108849
27108811
27108380
27108342
27108301
27108263
27108027
27107773
27107752
27107734
27107717
27107698
26898739
26898702
26898224
26898199
26898183
26898145
26898028
26897951
26897913
26897875
26897837
26896861
26896677
26896569
26896531
26896493
26896418
26896341
26896265
26896227
26896189
26896151
26896113
26896075
26896037
26894860
26894823
26893457
26893438
26893157
26892719
26892706
26892016
26891981
26891943
26891868
26891805
26891767
26891349
26891111
26891087
26890787
26890687
26890648
26890256
26890192
26836888
26836525
26836056
26835992
26835942
26835905
26835853
26835753
26835384
26835138
26834916
26834789
26834711
26834611
26834560
26834522
26834314
26834276
26834245
26834200
26834192
26834157
26833650
26833526
26833284
26833246
26833233
26833195
26833157
26833119
26833081
26833043
26832942
26832928
26832814
26832244
26832211
26832134
26832096
26832058
26832046
26832009
26831964
26831926
26831887
26831855
26831817
26831780
26831677
26831641
26831577
26831544
26831452
26522620
26521489
26521080
26521041
26521003
26408652
26408602
26381587
26381064
26380766
26380574
26380536
26380498
26380460
26380422
26380384
26380346
26380308
26380270
26380232
26380194
26380156
26380118
26380080
26380042
26380005
26379966
26379813
26377023
26376376
26376118
26376080
26375949
26375911
26375850
26375832
26375797
26375334
26374449
26374411
26374373
26373711
26373694
26373684
26373678
26373660
26281583
26281535
26219857
26219843
26219805
26219733
26219692
26219653
26219577
26219539
26219234
26219158
26219045
26218753
26218715
26218677
26218639
26218601
26218368
26218330
26218291
26217995
26217953
26217943
26217843
26217816
26131360
26130351
26130337
26130299
26130261
26130223
26130147
26130109
26130071
26130033
26129996
26129919
26129881
26129843
26129806
26129767
26129729
26129691
26129653
26129615
26129577
26129463
26129426
26129349
26129310
26129274
26129236
26129159
26129121
26129045
26129007
26128969
26128931
26128855
26128817
26128779
26128741
26128703
26128627
26128590
26128551
26128513
26128475
26128428
26121690
26121679
26121615
26121539
26121501
26121463
26121425
26121387
26121349
26121311
26121273
26121235
26121197
26120884
26120868
26120571
26120532
26120490
26120131
26120080
26120042
26119880
26119811
26119802
26119727
26119683
26119626
26119588
26119548
26119536
26119474
26119255
26119196
26119183
26119145
26119106
26119046
26119007
26118969
26118803
26118765
26118507
26118455
26118288
26048389
26048289
26047462
26047003
26046927
26046889
26046852
26046814
26046776
26046738
26046700
26046662
26046630
26046120
26046083
26046045
26045288
26045236
26045178
26044919
26044366
26044360
26043729
26043658
26043444
26043422
26043389
26043179
26042451
26039301
26038812
26038774
26038724
26038385
26038090
26037806
26037707
26037689
26037211
26037196
26037080
25769069
25769002
25768970
25768842
25768804
25768271
25767820
25767782
25467558
25397745
25397012
25396948
25396723
25194529
25194503
25194466
25194432
25194392
25194119
25194047
25193792
25192773
25192733
25192709
25192680
25192375
25103458
25103420
25103382
25103345
25102999
25102075
25077897
25077333
25076618
25076128
25076090
25021265
25020921
25020141
25019990
25019643
25019295
25015425
25015387
25015349
25015336
25015001
25014925
25014887
25014849
25014508
25014470
25014394
25014175
24707304
24694879
24691138
24691100
24691062
24686827
24576588
24573549
24573531
24573348
24572777
24571213
24571126
24571123
24570610
24570566
24570528
24420016
24419939
24419685
24419411
24419347
24419285
24419270
24419130
24418924
24404724
24404587
24404455
24404418
24404036
24403998
24403961
24403925
24403678
24403661
24288033
24287219
24286803
24286769
24286562
24286547
24286473
24286435
24286295
24285930
24285773
24285254
24285241
24285203
24285139
24271102
24251970
24251925
24251892
24251829
24251428
24251390
24250564
24250394
24147121
24146892
24146145
24146024
24145860
24145826
24145661
24145623
24145412
24144017
24143971
24143943
24143405
24143365
24143300
24122522
24122483
24122405
24122360
24122321
24121781
24121624
24121417
24121378
24121144
24121106
24120710
24069950
24020396
24018999
24018539
23808608
23765406
23765322
23765294
23765277
23765268
23764912
23764417
23764273
23764236
23763958
23763921
23763914
23762668
23631942
23631914
23631899
23631744
23631714
23631356
23631071
23630929
23630651
23630613
23630505
23630424
23630277
23454678
23454443
23453610
23453596
22975906
22974869
22974840
22974691
22974651
22974583
22974566
22921607
22921570
22921546
22909888
22909874
22909860
22909846
22909832
22909818
22909803
22909752
22909720
22909682
22909637
22909605
22909375
22909347
22909313
22909276
22909216
22909200
22909146
22835122
22835077
22833920
22833670
22833657
22833554
22833540
22833112
22833097
22833068
22833057
22833043
22832813
22832799
22832783
22832769
22832753
22832739
22832725
22832711
22832667
22832651
22832635
22832621
22832607
22832593
22832580
22832566
22832552
22832538
22832523
22832503
22832489
22832475
22832467
22832180
22831880
22831874
22831860
22831831
22831803
22831775
22831752
22831738
22831734
22831710
22549385
22549024
22548944
22548905
22548770
22548483
22548469
22548454
22548441
22548427
22548033
22548006
22547992
22283909
22283761
22283739
22283730
22283716
22283578
22278823
22278787
22164973
22164945
22164843
22163534
22163261
22163227
22163191
22161921
22161727
22161700
22161643
22158209
22158132
22158059
22158057
22158052
22158048
22158047
22158036
22157913
20834471
20834400
20833129
20833078
20833021
20832844
20832565
20832462
20832445
20524603
20523538
20498097
20466136
20466121
20466108
20465627
20465564
20357242
20357003
20356494
20355758
20355730
20355707
20159535
20159501
20159496
20159045
20005765
20004493
20004441
20004271
20004258
19909960
19909392
19909378
19908930
19908557
19908398
19907538
19907481
19906788
19737396
19737357
19737321
19737282
19737244
19737207
19737175
19737131
19737101
19737087
19737073
19592714
19592004
19591990
19591982
19591952
19591916
19591308
19591301
19591154
19590703
19524587
19524287
19524164
19522660
19351477
19351443
19351151
19351136
19223076
19221826
19221814
19221800
19221508
19221480
19099792
19019419
19019257
19018720
18990583
18990569
18990562
18990548
18990534
18985436
18985272
18985258
18985098
18985084
18984944
18984526
18984380
18984358
18984343
18984329
18983990
18887309
18887295
18887282
18668724
18668685
18668647
18668616
18668408
18667304
18667290
18667263
18667105
18667091
18667077
18667039
18667024
18490605
18490544
18490438
18267893
18267855
18267817
18267779
18267741
18267703
18267690
18267676
18267662
18267271
18267244
18267158
18267144
18267130
18267118
18267104
18267090
18267062
18253374
18252221
18252193
18252060
18252046
18251989
18251149
18250960
18245257
18129927
18129886
18129872
18129844
18129816
18129236
18129227
18129062
18128841
18127620
18127604
18127591
18127563
18127549
18127535
18127521
18127507
18127493
18127479
18127465
18127451
18127436
18126617
18126590
17963671
17963519
17963510
17963113
17963041
17961835
17961821
17961804
17960960
17960491
17729046
17728634
17728613
17728539
17728501
17728455
17728362
17728348
17728320
17675827
17675790
17675733
17675591
17675578
17675565
17675546
17675077
17675063
17674977
17674865
17674851
17674753
17674631
17674616
17674603
17674588
17674575
17674561
17674546
17674533
17674519
17674505
17674491
17674384
17623050
17428434
17428378
17428364
17427859
17427831
17427534
17427518
17427462
17427420
17427333
17098899
17098858
17098841
17098822
17098803
17097815
17097652
17097637
16792278
16695728
16695721
16695637
16695431
16489369
16489358
16489344
16217086
16217057
16217040
16216676
16216536
16216508
16191600
16191538
16045055
16045047
16044999
16044799
16043186
16017289
16016932
16016918
16016905
16016891
16016877
16016863
16016849
16016835
16016821
16016807
16016793
16016765
16016751
16016737
15825864
15825168
15825140
15825124
15824932
15824917
15824707
15823924
15823913
15822413
15822398
15822329
15822315
15822301
15822144
15822128
15822114
15821835
15821346
15820776
15331733
15089180
15088477
15088435
15088385
15088371
15088358
14843595
14843567
14842671
14842657
14842643
14842629
14842615
14842573
14842139
14842047
14842033
14842019
14842005
14841991
14841949
14841935
14841921
14841907
14841893
14841879
14841865
14841837
14841823
14841795
14841780
14840986
14840972
14840958
14840944
14840930
14840916
14840888
14840874
14840860
14840846
14840832
14690293
14675825
14675668
14675640
14675626
14675598
14675584
14659612
14658355
14658339
14657843
14657829
14657815
14656944
14469208
14469193
14445137
14445123
14412312
14412280
14412265
14412250
14412140
14412125
14412110
14412062
14411829
14411500
14411211
14411183
14401703
14216824
14050619
14050232
14050084
14050070
14050028
14050014
14049846
14049832
14049666
14049058
14049044
14048419
14048405
14048235
14005121
13826050
13826022
13826008
13825994
13825980
13825966
13825952
13825938
13825586
13825569
13825082
13824921
13824855
13824840
13621040
13620929
13543377
13540438
13539803
13435870
13435794
13435779
13435770
13435740
13435713
13435700
13435687
13435674
13435445
13435426
13435402
13435388
13435374
13435360
13435346
13435332
13435278
13435268
13435170
13435154
13230664
13230650
13230635
13230440
13230425
13230278
13230264
13080700
13080581
13080561
13080381
13080366
13080352
13080338
13080170
13080157
13080129
13080115
13080101
13080086
13080059
13080051
13080031
13080016
12850715
12799393
12799371
12799344
12799330
12799121
12799107
12799079
12799065
12799037
12799017
12798995
12798981
12798967
12798953
12798939
12798925
12798919
12798859
12798853
12798793
12798728
12354690
12354678
12354642
12079790
12079769
12079747
12079741
12079589
12079583
12079568
11935112
11816548
11816532
11816520
11816506
11816479
11763603
11747768
11705418
11669695
11669681
11669667
11540618
11540557
11540379
11540359
11540040
11539850
11539830
11539636
11539467
11539315
11539228
11539152
11539041
11538765
11538444
11538424
11538395
11538384
11473371
11452325
11452177
11452163
11452149
11452051
11452037
11452023
11341388
11341309
11341030
11271800
11256392
11256262
11256221
11162885
11162811
11123300
11123279
11123272
11123192
11030513
11030499
11030471
11029979
10965901
10965848
10965813
10965138
10964536
10964499
10964457
10964159
10964142
10964103
10964035
10752047
10752033
10752019
10751970
10751711
10751697
10751682
10751668
10751654
10744535
10744002
10743987
10609939
10549351
10549248
10400608
10400581
10400554
10400527
10400487
10400232
10354693
10322842
10322763
10322751
10322685
10322671
10251328
10251299
10251271
10251229
10251217
10251203
10210945
10201367
10201221
10201184
10201130
10201102
10200899
10200885
10200753
10200725
10200711
10200668
10200413
10200399
10200338
10200310
10200298
10200284
10200268
10200253
10094365
10094325
10094243
10080322
10080123
10080110
10080037
10079909
10079798
10043687
10020636
9978680
9978633
9978619
9978591
9978384
9978286
9977786
9977770
9830212
9830180
9829963
9829944
9742157
9538446
9538403
9481412
9384751
8775064
8774896
8774705
8774648
8774407
8746918
8690280
8690252
8673484
8656515
8656359
8656213
8656099
8656045
8560263
8463282
8445574
8445404
8382114
8382084
8382036
8250972
8097377
7996491
7804407
7803004
7802958
7802925
7557566
7440919
7411713
7324292
7256496
7256396
7095541
7095528
7095379
6972974
6904307
6870557
6482075
6383216
6264273
6197801
5846709
5846639
5787380
5729516
5729513
5696524
5601635
5188131
5132708
4961571
4924853
4788380
4788359
4788348
4363294
4363260
4266871
3703610
3562276
3530103
3338958
3338931
3338337
3338307
3338281
3332350
3332283
3260250
3085867
2715033
809426
807641
805391
804555
803391
802338
192472
109208214
106608599
106603058
106563592
105027676
110927267
55802783
54104239
42062371
41854830
41662173
40867618
40513659
40510602
40506555
40413965
39116954
38575646
38460302
38334407
36951293
36949245
36949195
36947587
36947549
36947321
36947283
36947245
36947131
36947093
36935510
36279581
36279527
36276995
36272532
35983481
34949895
34949317
34948814
33906384
33875267
33875046
33875008
33366966
33195018
32228312
31413084
30857729
30765457
30689687
30689649
30689611
30689573
30689536
30689498
30689460
30688176
30688138
30688097
30688058
30688014
30687982
30687944
30687905
30687737
30687692
30687660
30687621
30687583
30687545
30687507
30687468
30687429
30687391
30687353
30687314
30687273
30687233
30687196
30687158
30687120
30687081
30687043
30687005
30686967
30686929
30686891
30686853
30686815
30686777
30686740
30686701
30686662
30686624
30686585
30686547
30686509
30686471
30686433
30686395
30686357
30686319
30686281
30686243
30686204
30685358
30684362
30684324
30684285
30684066
30684022
30683985
30523021
30513760
30513723
30513684
30220248
29997361
29345064
29290289
28262173
27923880
27909613
27438259
27251228
27110620
26898088
26897262
26897241
26889881
26889783
26833334
26832538
26832500
26832464
26832426
26832388
26832350
26832312
26831628
26522594
26408681
26121760
26118855
25194084
25192343
25077415
24572007
24534121
24404787
24287624
24287157
24286506
24285102
24147226
24020384
23765114
23764927
23764843
23764742
23764725
23630290
23629842
23454787
22974854
22974677
22909788
22909174
22908968
22833336
22833308
22833294
22833266
22833252
22833238
22833224
22833196
22833168
22832166
22831817
22548295
22283894
22283853
22283838
22162918
22162698
22162474
22158105
20356586
19908805
19742737
19591791
19524572
19524515
19522419
19351401
19221495
19099758
19099200
18991580
18887532
18667011
18252207
18129913
18129900
18128827
18127577
18126237
17964337
17960519
17960505
17960483
17728866
17428462
17427304
17099432
16793055
16793033
16695749
16695518
16016972
16016779
15825197
15822656
15822285
15822271
15333363
15331712
15311361
14842713
14841459
14690102
14675788
14658227
14656999
14444955
14444930
14444904
14412324
14412209
14412167
14412153
14216901
14050514
14050056
14048292
13980614
13916592
13897135
13892454
13829452
13826078
13825488
13825460
13824897
13824869
13803143
13435723
13435315
13435122
13080586
13080318
12799355
12798712
12628199
12486876
12354368
11747607
11582151
11547977
11539662
11539650
11539134
11538451
11473126
11341337
11341127
11256382
11123229
11040233
10751922
10610353
10446830
10400277
10251243
10221385
10210919
10201153
10200943
10200228
10200173
10094467
9978258
9725725
9412226
9385369
9295396
9262465
9003265
8955820
8803580
8794975
8774217
8673151
8535704
8445470
8207230
7996638
7996464
7996412
7814978
7672009
7668646
7668393
7636983
7066259
7056483
7011805
7011764
7011729
6993682
6456702
6413146
6385978
6359159
6336142
6336124
6218790
6186800
6000087
5852691
5848242
5563307
5563281
5459496
5353373
5333461
5309951
5228492
5218123
5175085
4955076
4796224
4788068
4670323
4670299
4097513
4097462
3704267
3562241
3562227
3562213
3453253
3416600
3338874
3338258
3235973
3183295
3131128
3119738
3085893
3085862
2960652
2960292
2847158
2846783
2763031
2661040
2655541
2648144
2555367
2554652
2553716
1667000
806800
806228
806132
806121
805811
804579
804426
30249
